              precision    recall  f1-score   support

           0     0.8639    0.6600    0.7483      1000
           1     0.8473    0.9100    0.8775      1000
           2     0.4887    0.7340    0.5867      1000
           3     0.5450    0.6360    0.5870      1000
           4     0.8551    0.4250    0.5678      1000
           5     0.7256    0.6240    0.6710      1000
           6     0.7438    0.8160    0.7783      1000
           7     0.8909    0.7350    0.8055      1000
           8     0.8216    0.8840    0.8516      1000
           9     0.7909    0.9000    0.8419      1000

    accuracy                         0.7324     10000
   macro avg     0.7573    0.7324    0.7316     10000
weighted avg     0.7573    0.7324    0.7316     10000
